250.5 4184.02 10.2
500.32 900.1 15.76
150.85 2000.55 -5.4
400.6 385.27 20.9
320.7 3900.3 -10.52
600.45 4184.9 25.1
750.2 1000.65 -15.34
300.9 2100.0 30.42
550.32 4184.72 -20.6
700.0 900.88 5.9
800.65 3800.4 -25.7
450.57 1000.2 35.85
350.1 2100.6 -10.3
650.45 3900.87 0.0
900.35 4184.1 45.21
600.7 1000.03 -35.42
520.25 4200.5 12.6
780.8 2050.3 8.2
920.1 3900.72 -7.95
410.62 385.1 22.57
530.3 4184.23 -18.75
250.0 900.52 9.1
670.92 3800.3 14.67
120.5 1000.4 -9.5
800.2 3900.1 -27.35
440.87 4184.8 29.7
760.1 2050.0 -3.6
640.4 4200.72 10.57
720.95 1000.98 -20.85
370.3 2100.52 33.4
910.72 3900.67 -13.92
550.1 1000.32 11.75
600.0 4184.57 -25.2
510.42 900.28 17.12
290.9 2050.85 -6.5
870.35 3900.42 23.95
320.12 385.32 -16.7
480.53 4200.68 9.4
830.22 2050.2 -22.3
670.48 1000.1 14.2
310.7 3800.27 -12.7
550.38 4200.01 21.4
710.03 3900.11 -5.9
420.88 4184.09 19.45
780.6 2050.52 0.0
630.43 1000.2 -11.3
590.02 3800.65 15.6
470.57 4200.29 26.9
690.11 2100.31 -8.8
810.73 385.65 18.4
530.37 1000.01 -24.5
340.15 2050.09 27.2
710.09 3800.12 -19.3
900.01 4200.2 10.55
600.27 4184.6 -9.35
460.55 2050.4 13.62
750.0 3900.01 22.3
580.3 1000.77 -18.5
420.1 3800.14 6.3
810.2 4200.57 -21.47
650.43 900.32 34.3
720.11 2050.53 7.1
310.55 4184.09 -13.4
530.31 3900.0 28.8
470.2 3800.05 -3.0
760.09 2100.9 31.5
550.1 4200.12 -14.4
620.04 385.99 5.0
790.2 3800.06 23.15
690.01 4184.27 -28.0
340.01 2050.89 16.1
700.55 3900.8 -10.2
560.9 1000.22 20.6
450.0 4200.08 1.9
780.88 385.12 -26.3
630.02 3800.99 8.0
530.4 2050.07 -15.0
750.31 4184.5 37.4
910.6 4200.99 12.75
540.08 1000.3 -4.5
620.12 3900.72 11.2
670.52 2100.47 6.3
460.73 4200.1 -17.1
800.1 3800.9 25.0
390.55 4184.0 -12.8
760.77 2050.2 30.6
490.1 3900.2 -2.5
590.3 4200.6 4.1
810.5 385.7 -23.0
340.8 1000.0 18.3
700.22 3900.75 -7.5
510.9 4184.4 13.8
720.1 4200.0 -11.4
680.5 2050.55 29.0
550.25 1000.33 -14.1
650.23 4184.12 8.9
730.5 1000.45 -2.3
410.88 3900.34 16.7
540.75 2050.66 -19.8
800.95 4200.15 12.2